0 0.149123 0.486275 0.070175 0.117647
0 0.194737 0.252941 0.042105 0.113725
0 0.108772 0.215686 0.049123 0.125490
0 0.017544 0.439216 0.031579 0.125490
0 0.389474 0.515686 0.059649 0.121569
0 0.279825 0.484314 0.057895 0.121569
0 0.271930 0.276471 0.052632 0.137255
0 0.250000 0.143137 0.057895 0.105882
0 0.387719 0.245098 0.063158 0.098039
0 0.802632 0.486275 0.064912 0.149020
0 0.907895 0.203922 0.054386 0.117647
0 0.736842 0.143137 0.052632 0.121569
0 0.652632 0.211765 0.059649 0.117647
0 0.559649 0.215686 0.059649 0.101961
0 0.547368 0.531373 0.045614 0.145098
0 0.707018 0.480392 0.035088 0.160784
0 0.455263 0.256863 0.040351 0.129412
0 0.326316 0.178431 0.038596 0.121569
